0 14 20
0 15 25
0 16 20
1 15 20
2 15 25
3 14 25
3 15 30
3 16 25
4 15 25
5 12 25
5 15 30
5 18 25
6 11 25
6 12 30
6 13 25
6 14 30
6 15 35
6 16 30
6 17 25
6 18 30
6 19 25
7 12 25
7 15 30
7 18 25
8 15 25
9 14 25
9 15 30
9 16 25
10 15 25
11 6 25
11 15 30
11 24 25
12 5 25
12 6 30
12 7 25
12 14 30
12 15 35
12 16 30
12 23 25
12 24 30
12 25 25
13 6 25
13 15 30
13 24 25
14 0 20
14 3 25
14 6 30
14 9 25
14 12 30
14 15 35
14 18 30
14 21 25
14 24 30
14 27 25
14 30 20
15 0 25
15 1 20
15 2 25
15 3 30
15 4 25
15 5 30
15 6 35
15 7 30
15 8 25
15 9 30
15 10 25
15 11 30
15 12 35
15 13 30
15 14 35
15 15 40
15 16 35
15 17 30
15 18 35
15 19 30
15 20 25
15 21 30
15 22 25
15 23 30
15 24 35
15 25 30
15 26 25
15 27 30
15 28 25
15 29 20
15 30 25
16 0 20
16 3 25
16 6 30
16 9 25
16 12 30
16 15 35
16 18 30
16 21 25
16 24 30
16 27 25
16 30 20
17 6 25
17 15 30
17 24 25
18 5 25
18 6 30
18 7 25
18 14 30
18 15 35
18 16 30
18 23 25
18 24 30
18 25 25
19 6 25
19 15 30
19 24 25
20 15 25
21 14 25
21 15 30
21 16 25
22 15 25
23 12 25
23 15 30
23 18 25
24 11 25
24 12 30
24 13 25
24 14 30
24 15 35
24 16 30
24 17 25
24 18 30
24 19 25
25 12 25
25 15 30
25 18 25
26 15 25
27 14 25
27 15 30
27 16 25
28 15 25
29 15 20
30 14 20
30 15 25
30 16 20
